[[[[ 0.          1.          0.02092113 ... -0.01180346  0.999578
     0.500872  ]
   [ 0.          1.          0.01953574 ...  0.00807709  0.42607915
     0.4075036 ]
   [ 0.          1.          0.01803433 ...  0.00712639  0.366311
     0.4129874 ]
   ...
   [ 0.          0.          0.         ...  0.          0.
     0.        ]
   [ 0.          0.          0.         ...  0.          0.
     0.        ]
   [ 0.          0.          0.         ...  0.          0.
     0.        ]]]]
(1, 1, 200, 7)
